2017-05-08 -1.2833514039515048 -0.8470999024819292 -0.6424484820536147 -2.0816738366407517 1.2170535620255496 -1.0395104000339828 -0.8295085090431975 -0.47641507414395434 -1.767679030145386 -0.48131009008227643 -0.7100647941764571 -0.22605831118864828 -1.51117154633571 -0.5706449092254928 -0.09183970474149206 -1.0996639834391253 -1.1952283820473752 -1.246635690817266 -0.9216606819070439
2017-05-05 1.3120524224146557 0.8818212086129762 0.9901021721626435 0.7444203111730108 -2.552186879511975 0.10346612407761135 0.7105921884957844 1.1472337425276535 1.2824767196925713 0.6744814284319833 0.36755095198026666 0.3675983266741678 0.8377692862441499 0.4599400988287705 -0.01668599800126458 0.4109629142010185 0.33057220186165637 2.1075417954176334 0.3870348511577415
2017-05-04 3.8635299734130157 2.6931188241356097 2.9280234080083734 2.139792151755504 2.0094447059754383 2.0921265160639635 1.5722357253482144 2.795115294633188 2.8807196094457144 1.3627725060782137 2.7735111101304444 2.815466099087738 0.9306838351434976 2.8998383977888675 0.3929286565776735 2.361220892529703 4.020135936009339 3.3886966054477163 2.702198378653353
2017-05-03 -3.460759008936609 -2.7452049425433778 -3.1764707407745174 -3.5003573573333835 -0.5398123769557284 -4.848809499329398 -1.8541170822611974 -2.53837575234801 -4.60821295675955 1.4147332286680303 -3.167258840098741 -1.0723157535145411 -1.805942343769118 0.7622007246832929 0.11734097619964245 -2.3955355271830125 -3.6386077299845887 -2.222071819252136 -2.3136597456913766
2017-05-02 0.05767301447372475 -0.3119586531329155 0.39781255844451024 0.9876623495912007 0.9465925988882962 0.10075567602996216 0.281881356912983 -1.0548283499085098 -0.47460616734298355 -4.026517948777242 -1.7658210973637622 -0.17281398558943728 1.2825524611335126 0.6524682646629643 -0.12153296414698644 -0.3424660881364172 0.21628325722797825 -0.2982511892893225 -0.48544271265997807
2017-05-01 -0.63255245270053 -0.6553955906967168 -1.0409065224399328 -0.7827063484525443 -1.4835066403941166 -2.2920784191014842 -0.5038599871373783 0.2865787572989831 -0.78604397804658 -2.7622566441382723 -1.1770939538984226 1.2451297391039784 -0.53010063802299 -0.1154531599809605 0.0377048912480582 -1.189478765214913 -1.290765882839473 -2.0215533868435998 -0.771827294467986
2017-04-28 -0.17182707549472376 -0.2918240898889479 -0.3445683855958226 -0.9799996365680297 -1.3298068304631538 -0.8827914123565428 -0.28045483406531346 0 0.18808469199753652 -0.09284543305292381 -0.4568561071701893 0 -0.7337056884970217 -0.3647167913135352 0.25169532806454953 -0.5054770661624186 -1.176870389427087 -1.7769082671660552 -0.3358122769995031
2017-04-27 -0.8547031966155583 -0.30806117123480803 -0.19636236541096252 -1.4522159206771246 1.1960275462971737 0 0.07372263270690738 2.192225087090627 -0.03136627476698628 -0.7395965688755002 0.35516019068002613 -0.23283478991245055 1.1594568421601892 0.1150268531736387 -0.218177476523973 1.2514995282667751 0.03250609461007414 -1.886648920600198 -0.23918213361917573
2017-04-26 -1.7435734407463155 -1.6439688666985752 -1.0246540252821568 -1.233854459199435 -0.66622498254163 -0.19512201312616995 -1.1002824842170966 0.19575536111249292 -3.815847676943651 -4.766374963222697 -3.102580681331668 -0.7529661768574059 -0.5766983521356295 -0.5166011532108161 0.0838624787095732 -0.06805376356648907 -1.4683603876264328 0.5036779260545909 -1.6114092754237141
2017-04-25 -0.61145549889563 -0.55317883828927 -0.33922978981415497 -2.6928378333070047 2.691952591324198 -0.9699397088713368 -0.3350028671587957 -1.7160822345531734 -0.8717957044843239 -0.7872908430063053 0 0 -0.6108763742935786 -0.6657142861241194 -0.0629034514687099 -0.407332538763594 -0.11206276687030226 1.7728411878750627 -0.6093292815660067
2017-04-24 1.9869101658501975 1.3972081282767057 1.2168560957157126 0.15413876181149533 0.13651879253400168 1.0674531246919639 0.846960384569595 1.4877344017914407 1.9647058433859055 0.7580269754108748 1.9152432214756043 0.6077257800216618 0.7523810425778876 0.914117963134542 0.5801769394062184 2.0880443704017093 0.6903776316795174 2.035374542810464 1.4117881545784972
2017-04-21 0.7660698333940896 0.6803938362337725 1.231846077039922 -1.074037963136476 -1.086967223690416 -0.6806054468999623 0.5883249668062973 1.2459243138248421 0.2751033540072001 0.05853630143723976 0.22627288095429243 1.3148501871081741 0.9866326168689099 1.6589886657417008 1.0937882630137175 -0.5863096637063858 0.33889970031024674 0.7370760890359485 0.3323003216296083
2017-04-20 0.3423655123470759 0.27345769903517336 0.8464078412129705 -1.514614338751663 -1.608613775162393 -2.1093783059799254 -0.5002894557797788 0.5292734904104979 0.42944546503291825 -0.08780331054936141 0.07553569444462838 -0.44021199657895416 0.009536158839029696 0.19470216241619376 -0.31919675252005675 0.5863096637063858 -0.1130931527510981 0.8917299005250623 -0.09504753567264324
2017-04-19 0.11438662466614069 0.36005010726398723 0.40080213975386414 0.2257412546290638 -0.5305052229693352 -0.7561472700576832 0.48553615579738363 -0.16570343202118032 0.369569259094904 1.6519579451175659 1.1399768653643783 0.029295650681104846 0.6216786317594369 0.19508784962285475 0.8106166697110062 -0.5175067702319236 -0.04842844592536366 0.40602256868584874 0.3807715395795608
2017-04-18 -2.7932356239139366 -2.1915376555257993 -2.2339027174062664 -3.151330337086078 0.9302392662313252 -3.8786025035156158 -1.4786814954709016 -1.4790704888814066 -1.9251961765665015 -1.4762595078885443 -3.2090971738717666 -1.5405013935029466 -1.3815635680338723 -2.411614942956186 -0.18402907025922843 0.2066793744099904 -1.1872464178614983 -3.140732381292022 -2.169901225883031
2017-04-17 -1.5187451726629941 -1.3685193554708874 -0.6361606813847676 -0.5822396466962587 -0.5326244282673809 -0.1809955245239525 -0.9401978770307906 -1.1354542102925969 -2.1853855478355833 -3.569757273483054 -1.1773474668238748 -1.0330106652265858 -0.462590397369933 -0.910822253306165 -0.2988696601790686 -0.82418048951034 -2.0990244325193252 -2.500132295661084 -1.3901984782852317
2017-04-13 0.43944039738601504 0.4651993730469428 -0.535155727813974 -0.5427912925844325 -1.7116941940698016 -0.6309169193265074 0.21618658451254547 1.527736498369281 1.4315752771492996 1.2521592352353839 0.881700544106323 0.1142445123651914 0.06595374179729774 1.0061765095571662 0.8820867295658452 1.0658515893533949 -0.09365751908694264 -0.060696006523919266 0.5537577474671984
2017-04-12 -2.3933614200003728 -1.8806229258706786 -1.5407093035406216 -0.3242661938536173 1.5789801732635222 0.17985616359150747 -1.8440949096556025 -2.0425381501094186 -1.1943946110079207 -0.912218412403476 -2.9570670953292577 -1.3060917648097359 -2.6690597395836235 -1.9462097701740344 -0.6516094644663184 -0.4483504742530453 -1.5021607200449871 -2.2598722168993834 -2.0609751700773504
2017-04-11 -1.8109683154286405 -1.1051632248065602 -0.6666691358188981 -0.8952611592713211 0.2656044058116702 -0.5386009429570571 -0.42403455762425324 0.16058779489971364 -0.8276783874168636 0 -1.5404997326144088 0.2259306242039294 0 -0.50396747830459 -0.4391484200866991 -0.9248259258785474 0.12303138953457804 -1.0621677253939144 -0.8576040117809658
2017-04-10 0.13204544546439045 0.12938381232387997 -0.6151001031679648 -0.3203419831558918 -2.1053409197832718 0.2689378581971269 0.014109598626177444 -0.8003884316411192 -0.029430463355462066 -0.198438043921767 -1.2619961685878867 0.7947785349717851 -0.42124512647196966 0.541401505620831 -0.11904678428553694 -0.4422494100792651 1.3011397734890906 2.2557346977710058 -0.26929550092416044
2017-04-07 1.6520466102297515 1.1557042162363196 0.9002713990867939 1.035904977634683 -0.6489315439749621 1.6289952979268385 0.7504431678586165 1.219139238123912 2.0515034617802463 2.089070016884076 1.214968188024823 0.6863109777401455 0.5222413238187507 0.28118493137450074 0.05950567697272646 0.9549833995512458 1.8092163289205487 3.918073076347417 1.4902014646015704
2017-04-06 -0.5091770278674801 -0.42476455917324074 -0.142692054111615 0.6122835623824319 -1.1575691957889322 0.9165967014080234 -0.38300068639829377 -0.29008884162333715 -0.32988782369089975 -0.3175894062863893 -0.7960706804063911 0.344921306173962 -0.3942246646385428 0.3196430345798529 -0.10199091505809221 -0.9889219722150067 -0.4593292271708904 -0.3946479273652326 -0.09095043828408755
2017-04-05 1.3726443113032616 1.1642322108981418 0.8112666393248702 1.1993601881478355 0.6414390177663876 1.671348097374059 0.796019856351915 0.6134030631800513 0.7814978039491383 1.8915099072530417 3.22303012258085 0.4039243806905013 0.5965254232876305 0.8510614016420615 0.2807211228881279 1.5732164683476935 -0.23676279891882146 2.158288050205659 1.3730146728954118
2017-04-04 -2.3832938576402007 -1.3434015708312153 -2.1801763478482616 -0.8011696167715243 -0.25706955031008505 -0.2805050927608743 -0.3134813032146688 0.8781907146772294 -0.3614431809087826 -1.0520289436509511 -2.309356233898452 -0.5765394958664682 -0.01841233297774636 -0.37913979066055425 -0.29770659824102097 0.37990030149264165 -0.9102416753224318 -0.90670101200927 -0.45976172941206706
2017-04-03 1.3319322815854129 1.0963081249570017 1.0841492001238517 1.498292234521026 4.597001103765619 1.5052024537582032 0.7282133986714179 0.7213211603243064 1.789824923775507 1.2578810908654425 1.0885175972121797 1.127339538885641 0.7946091631240826 0.9314714333046759 0.06371742559068139 1.9920281275961127 0.4227012032369082 1.4163602167246214 0.9216609233363204